alpha=0.500000
beta=0.100000
ntopics=100
ndocs=1
nwords=7
liter=20
